year,month,HMtempC_mean,WindSpd_mean,wnd_WNW_NW,HMtempC_mean_exp_5,WindSpd_mean_exp_5,wnd_WNW_NW_exp_5,HMtempC_mean_avg5,WindSpd_mean_avg5,wnd_WNW_NW_avg5,HMtempC_mean_delta1,WindSpd_mean_delta1,wnd_WNW_NW_delta1,RT_All
1976,10,5.673194,15.617659,121.0,5.67,15.62,121.0,5.67,15.62,121.0,,,,1946.0
1977,10,8.050278,14.009295,114.0,6.86,14.81,117.5,6.86,14.81,117.5,2.38,-1.61,-7.0,2067.0
1978,10,10.880401,8.651991,127.0,8.87,11.73,122.25,8.2,12.76,120.67,2.83,-5.36,13.0,1492.0
1979,10,11.274108,7.815584,106.0,10.07,9.77,114.12,8.97,11.52,117.0,0.39,-0.84,-21.0,1846.0
1980,10,10.058407,8.592668,141.0,10.07,9.18,127.56,9.19,10.94,121.8,-1.22,0.78,35.0,1430.0
1981,10,9.188379,12.042466,79.0,9.63,10.61,103.28,9.89,10.22,113.4,-0.87,3.45,-62.0,1657.0
1982,10,12.775182,8.003966,80.0,11.2,9.31,91.64,10.84,9.02,106.6,3.59,-4.04,1.0,1597.0
1983,10,11.457111,9.857077,71.0,11.33,9.58,81.32,10.95,9.26,95.4,-1.32,1.85,-9.0,1865.0
1984,10,15.469963,7.043229,80.0,13.4,8.31,80.66,11.79,9.11,90.2,4.01,-2.81,9.0,357.0
1985,10,13.006908,9.71685,106.0,13.2,9.01,93.33,12.38,9.33,83.2,-2.46,2.67,26.0,1607.0
1986,10,13.247525,8.794862,127.0,13.23,8.9,110.17,13.19,8.68,92.8,0.24,-0.92,21.0,1737.0
1987,10,10.251092,9.699314,135.0,11.74,9.3,122.58,12.69,9.02,103.8,-3.0,0.9,8.0,1328.0
1988,10,9.485599,10.206363,101.0,10.61,9.75,111.79,12.29,9.09,109.8,-0.77,0.51,-34.0,1395.0
1989,10,14.301881,9.464679,90.0,12.46,9.61,100.9,12.06,9.58,111.8,4.82,-0.74,-11.0,537.0
1990,10,15.774024,14.475699,104.0,14.12,12.04,102.45,12.61,10.53,111.4,1.47,5.01,14.0,2233.0
1991,10,12.824781,9.576005,83.0,13.47,10.81,92.72,12.53,10.68,102.6,-2.95,-4.9,-21.0,1628.0
1992,10,11.228706,10.535156,139.0,12.35,10.67,115.86,12.72,10.85,103.4,-1.6,0.96,56.0,1676.0
1993,10,11.534196,11.476525,107.0,11.94,11.07,111.43,13.13,11.11,104.6,0.31,0.94,-32.0,1468.0
1994,10,13.491507,6.221814,137.0,12.72,8.65,124.22,12.97,10.46,114.0,1.96,-5.25,30.0,363.0
1995,10,15.890302,10.033953,109.0,14.3,9.34,116.61,12.99,9.57,115.0,2.4,3.81,-28.0,2119.0
1996,10,12.967868,10.35085,123.0,13.64,9.85,119.8,13.02,9.72,123.0,-2.92,0.32,14.0,1434.0
1997,10,11.339219,10.929351,88.0,12.49,10.39,103.9,13.04,9.8,112.8,-1.63,0.58,-35.0,971.0
1998,10,12.140624,10.042779,127.0,12.31,10.22,115.45,13.17,9.52,116.8,0.8,-0.89,39.0,2014.0
1999,10,11.892561,9.11023,111.0,12.1,9.66,113.23,12.85,10.09,111.6,-0.25,-0.93,-16.0,2643.0
2000,10,12.568262,10.96961,97.0,12.34,10.32,105.11,12.18,10.28,109.2,0.68,1.86,-14.0,1235.0
2001,10,12.611305,12.125766,107.0,12.47,11.22,106.06,12.11,10.64,106.0,0.04,1.16,10.0,1939.0
2002,10,11.487583,8.384463,104.0,11.98,9.8,105.03,12.14,10.13,109.2,-1.12,-3.74,-3.0,1596.0
2003,10,11.044705,10.637522,95.0,11.51,10.22,100.01,11.92,10.25,102.8,-0.44,2.25,-9.0,859.0
2004,10,11.367862,7.370084,100.0,11.44,8.8,100.01,11.82,9.9,100.6,0.32,-3.27,5.0,829.0
2005,10,12.491755,10.445711,124.0,11.97,9.62,112.0,11.8,9.79,106.0,1.12,3.08,24.0,2410.0
2006,10,11.106777,11.94746,163.0,11.54,10.78,137.5,11.5,9.76,117.2,-1.38,1.5,39.0,1735.0
2007,10,15.258902,10.385696,72.0,13.4,10.58,104.75,12.25,10.16,110.8,4.15,-1.56,-91.0,940.0
2008,10,11.21286,7.110937,111.0,12.31,8.85,107.88,12.29,9.45,114.0,-4.05,-3.27,39.0,469.0
2009,10,11.580278,10.368512,98.0,11.94,9.61,102.94,12.33,10.05,113.6,0.37,3.26,-13.0,616.0
2010,10,11.921352,12.732304,145.0,11.93,11.17,123.97,12.22,10.51,117.8,0.34,2.36,47.0,1846.0
2011,10,12.018156,7.25393,122.0,11.98,9.21,122.98,12.4,9.57,109.6,0.1,-5.48,-23.0,810.0
2012,10,12.668476,8.48956,79.0,12.32,8.85,100.99,11.88,9.19,111.0,0.65,1.24,-43.0,947.0
2013,10,13.420185,8.044167,52.0,12.87,8.45,76.5,12.32,9.38,99.2,0.75,-0.45,-27.0,555.0
2014,10,13.062064,8.620913,104.0,12.97,8.53,90.25,12.62,9.03,100.4,-0.36,0.58,52.0,847.0
2015,10,11.610912,11.045076,110.0,12.29,9.79,100.12,12.56,8.69,93.4,-1.45,2.42,6.0,330.0
2016,10,13.008902,9.250656,133.0,12.65,9.52,116.56,12.75,9.09,95.6,1.4,-1.79,23.0,1001.0
2017,10,15.176667,5.964756,64.0,13.91,7.74,90.28,13.26,8.59,92.6,2.17,-3.29,-69.0,229.0
2018,10,11.889162,8.456277,135.0,12.9,8.1,112.64,12.95,8.67,109.2,-3.29,2.49,71.0,892.0
2019,10,12.646181,8.490752,66.0,12.77,8.3,89.32,12.87,8.64,101.6,0.76,0.03,-69.0,159.0
2020,10,12.9432,6.313356,74.0,12.86,7.3,81.66,13.13,7.7,94.4,0.3,-2.18,8.0,471.0
2021,10,15.025334,6.145247,75.0,13.94,6.72,78.33,13.54,7.07,82.8,2.08,-0.17,1.0,369.0
